142 0011010110· 110110.

80101, 100. (17111), 108
8010011100, 0011. (81101), 30

1011. ib.
80110101, 1011. (01), 94
80011130, 8. 00 (80110), 131
8001113300, 8011. 00 (800.), 2
8000011101, Adam de (800.), 17
800011, 810. (800.), 45
8000103001110, 8111111. 00 (N. 80111), 70
8010110, 101101 100 (01), 48
8010111011, 1011. (80), 120
801110, 0011. (811011), 40
8011101110, 0000011110 00 (800.), 17, 18, 19

8100010110 00, ib.
801101077111. (Eb.)‚ 120

7111110 (N. 80111), 05
80001, 1011. 10 (110110), 129
80001100, 00111001), 15

10000110 ux. 01110, ib.
80011110, 71111. ((11), 47
800111, 803. (N. 80111), 84
8001, 803. 10 (800.), 30
80101111, Amicis (800.), 15

Bob., 10.
8010311110, 1011. 00 (17. 80111), 07
80111000, Τ110111.00(800.), 129
Belle, Joh. (110), 127

801110 (800.), 129

8101111. (80), 121
80110 Campo, 10110110 00 (800.), 14
80110, 1110000110 00 (011), 88
80101010, 803. 00 (800.),(1
8011011, 100. (71111), 109
8001010300, 1011. 00 (Ν. 80111), 77, 78
8010011110, 800. (800.), 20

Will. (800), 2
80101101, 1011. 10 (800.), 25

17111.Ιο (800.), 30

800. fil. 01111, 10.

17111.Ιο (800.), 12
80100, Sim. (17111), 108
8010001010, walt. 00 (800), 130
80101010, 8111111100. 00 (800.), 30

will. 00, ib.

Milo 00 (800), 4

1711101. Pet. 00 (800.), 8
8011010110, 111011. 00 (001110), 42, 43
80110001001000, Joh. 00 (800), 131
80111010, 800. (N. 80111), 17

Will. (001110), 42, 43
8011101, see Bar‘
' 801110, 800. 00 (80), 113
801000011071111. 00 castelle 00 (Ν. 80111),

03, 04, 05, 03

8010000110, 8111301010 ux. 17111 00, ib.
80111010, 80111111 00 (80.1), 98
8011111110, And. (800), 6
0000111. (800), 40, 47
8100000010008110111. 00 (800.), 1
1011. fil. 01110, ib.
1101301010 sor. 01110, ib.
1101301111 ux. 01110, 10.
8100110111, 810. 0177111. de (800.), 34, 35
810100, 77111 (77111), 107
8100001111 (N. 80111), 73
8110111011, 1111001111, 23
81111113, 1011. (01.1, 49
8100001000, Prior 00 (800.), 10
81001103, will. (N. 80111), 128
810110, 7110111. (01.1, 51
8101100011, 803. 00 (Ν. 80111), 83
8100110011, 71111. (800.), 30
8100110110, 80011111 (800.), 0
11011010 (80016
Will. (800.), 6
8101100110, 810. 00 (110), 120
81010110, Will. de (11011), 129
81031111101011. (N. 80111), 03, 04, 05, 00
8101001011. 00 (01), 89
8111110, R. 10 (800.), 130
81011001, sym. (800.), 20
8100011010, 100. 00 (800.), 1, 41 see 0100
8100000010
8100000010, 1011. 00 (800.), 21; see 0100
8100011010
8100110111, 800. 00 (800.), 20
81101011. (811011), 39
Will., ib.
80011010, 110111. (811), 114
8001101, 1011. (77111), 107 .
80311010, 10001110 (0111190, 100
8010, 810. (1100), 45
8010110110, 141011. mancipium 00 (011), 88
8010000101, 800. 00 (800.), 1
8011011οι1101, 800. fil. Gilb. 00 (800), 11
8011000101οπ, 10000110 (800.), 15
801100, Joh. (01.1, 49, 50
101110 (N. 80111), 77
81010 (110110), 132
1011. 1100 01110, ib.
801001000, Joh. 00 (800.), 21
80000, 100. 00 (800.), 28
8001011071111. de (Eb.), 115
8010101, 1100. (001110), 45
8010111010, 800. (N. 80111), 85
Bothe, 810. (stat), 99
8011101010,1ο11.10 (800.), 13

80111100, see 801100

 

