INDEX OF PERSONS.

Abytone‚ Joh. 11 ((1111),), 41
1111111. (N. 11111), 82
Ρ11. (Μ11.), 54
Ad Portam, Joh. (N. Η111.), 84
1111111111 Aylwit
1111111111,111111.11 (N. Η111.), 66
1111111, Heu. ((11), 50
1111111, 111111. (811), 19
1111111. (N. 81111), 77
11111, Walt. ((11.),17
1111111111111111. 11, 131, 131
1111111111, 81111 (N. 8111), 00
811. 11. ojus, 16.
111111111111111111, 131, 132
111111, Will. (811), 3
Aleys, Will. ((11), 47
111111, 77111. (811), 15
11111111, aad. (011111), 41
Will. (011111), 42
1111111111, Will. (11111), 57
1111119, will. ((11), 61
1111111,17111.11 (811), 129
Angulo, (1111 11 (N. Η111.), 86
1111161, 111111. 11 (81)), 112
Aquam, Joh. fil. 1111. 11 (811), 11
111111, 1111111111 (811), 13
1111111111 (811), 9
1111111111, 0111111111 (N. 11111), 61
111111117111. (811), 46
11111111, 1111. 11 (N. Η111.), 80
11111, will. (811), 36
111111, J. 11 (N. 8111), 68, 60, 63
1111111111. 11 (11111), 63
11181111,1(;1111 (1111), 130
1110111111, Thom. (01), 90
Α(111111111113111,71111. (811), 13
1111111111. (81111), 39
1111 onte, Joh. (811), 16

...000—

1111 (1111111111. (1111), 55
Atto (11111, Walt. (Buek.)‚ 30
Atto 8111111111. (811), 120
Atto Hoyche, Will. (Buok.)‚ 89
Atto 81111, Will. (811), 104
Atto 81111, J oh. (1111), 63
1111111111, 17111. ((11), 48
1111111111, 111111. (81111), 99
Atto 111111117111. ((11), 60
Atto 11111, 1111. (Em), 45
Atto 1111111811. ((11.),48
11111111111111. (N. 8111), 86
Atto 11111, Gau. (1111), 46
1111111111, 8111111111 (811), 1
Aubry. Hen. (N. 81111), 61
1111111111 (11111), 105, 106
111111, Agnes (811), 7
111111, Rob. (N. 11111), 66

11111. ib.
1111101111 (811), 2⁴

81111116.
11111111111111. ((11), 47
Aylwit, 811. (811), 10

111111 ux. ejus. ib.

· 8111181111111

8111111111, Will. ((11), 60

fiad, 811111. (camb), 43

811111, Rog. 11 (811), 102

811111, 81111111 (811), 46

8111111, Nieh. (111)), 120

8111111111. ((11), 61

Balbe. Will. (811122

8111111816. (1111), 123

81111, 1111. (wilh), 107

811* (81111111111111 (N. 8111), 85
8111111, 811. 11 (11111), 128 ’
8111111, 111111 (Lond.J‚ 128

12

 

