148 0011000110 110110.

1100111000, Joh. (801), 97

11031000, 110 1103111000

1100010, Rog. (8011), 128
8001101011. (N. 8001), 83
11010101, 11011. (000111), 41
111111080800. (811), 122
1111101011. (811). 119

1110011001, Will. (N. Ηο01), 63
11000100111001. de (811), 112, 113
11101010),1101). (811), 112
11001100011011. de (81111), 101
1101011111. (11111), 107
11011000101011. (81)), 126
11011101011011. ((11), 51
8011101000), G. de (N. 8001), 59, 00, 61
1101111000, Joh. (011),96

Will. (wilt), 109
Longe, Hugo (800), 46
110111, Hen. (N. 11001), 86

10110000 ux. ejus, 15.

111010. 10 (0011111), 42, 43, 44
11010ος, Ρ. de (Bed.)‚ 37, 38
1101101οτ, Will. (01), 90
11000110011011. 110 (001011), 42, 44
11010110, 811001. de (81)), 121
1101011, Reg. (01), 92
11116110, 1110. (N. 11001), 68
1111000, Hugo (N. 110111), 67
Lug, Will. (111111), 108
1111011101, 1011. (wilm, 109
101101, 1110. (N. 11001), 63, 75, 76, 77
Lylling, Rob. de (811), 110
111110, Joh. (N. 80111), 85

1100110, 1110. (001011), 129
8010101, 1110. 10 (N. 8001), 80
11010101, 1100. (N. 11001), 82
11011100, 1100. ((11), 51
1110101, R. (Lond., 800), 131, 132
1110111110, Gali. (8011), 4
1101011οΙ, 1100. (1111011), 40

Joh. (818153
11010110, 1101111110 10 (11011), 130
11010000, Ηο0. 10, 132
110100010110,1ο11. (811), 117
1101010101. de (000111), 41

Rog. de, ib.

11011. (1015.

Joh. fil. 0111015.
1101001000, Ηο0. (811), 125
11011010010111,1110. de (801), 102, 103, 104
11000110, 111010 (000111), 45
11010110), 010 1101110)
1101110), Alanus, 131

110111ογ, Alex. 111. Alani, 131, 132
11011100, 1110. (N. 8001), 83
11010, 11011. (11.Ηο01.) 84
11011010, 1011000010 (8111), 102
Mercator, Heu. (801), 4
Meredythe (11010), 110
1101001100, Joh. (811011), 39
1100001, Bia. 10 (8011), 33
Rog. 10 (11011), 10
11010001οτ0, Joh. (Ox.)‚ 88
1101100, Joh. 110 (Βο11.), 12
michel, Will. (01), 88
11161101000,1100. de (811), 117
Τ11001. de (81)), 118
11111103, Joh. ((11), 49
11111101, Joh. (81)), 114
100 ux. eius. 15.
1110. (81)), 117
110801100301, 1110. fil. (101101. (10 (801),
Will. fil. 1011 (10, ib.
Neine, 1101).Ῑο (806), 15
11010001, Joh. (110011), 39
Mola), 8011100000 (001011), 42
110100010011110,1011. (8011), 10
810011. (811), 111
Joh. fil. ejus, ib.
1101Ιο0οο1110, Joh. 110 (N. 8001), 00
1110. 111. 0111015.
11010, Joh. de (81)), 123, 125
11010001, 111010. ((11), 51
1101010, Thom. (GL), 47, 48
Moring, Will. (10 (800), 2
11011ἰ’,11011. (Β11011.), 30
8011000110οι. (10111), 108
1101100, Thom. (Β11011.),40
110110, Will. (Bed.)‚ 9
Will. (0011111), 45
110001011110, 110111. de (801), 102
1100010οο10, 111010. 110 (N. 11001), 79
11010011, Ηο11. (stat), 100
1101010111, 1110. 10 (N. Ηο111.), 83
Mundam, 810. (810), 120
1100001110, 1110. (10 (N. 11001), 68
Nic. 1101. 010010.
11υο0100110, Joh. (10 (11111), 52
1110031010, Thom. (10 (811), 110, 117, 118
11]011011000110,11111. (1111), 52 ·
Myle, Joh. (Ess.)‚ 45

11011010, Will. 10 (81)), 113
11010110 1011110 (800), 130
1100110101. (111010), 110
8011111010, Joh. de (11011), 56
1100110011, 111011. (N. Ηο01), 83

 

