INDEX 11 1111111111. 151

Sherye, Joh. (811), 97
1111111, ib.
Shronesbury, Joh. (N. 81111), 80
Shyre, 11111. (GL), 50
81311, 811111 de (011111), 41
81111111, 11111. (Sus), 109
8111111811). (811), 110
8111111111, 11111, 87
skort, Joh. 01 (Ox), 88
81111111. (811), 199
811111ο11, 111111. 01 (8111), 109
81111111, Joh. (011), 98
Τ11ο111. (8111), 104
11111. 111. ejus, 10.
8111111. (11111), 108
8111111, 1111). 01 (ib), 111
Skyrmestone, WilL (811), 90, 97, 98
8111111, Joh. (81111), 99
1111. fil. ejus, ib.
Joh. 11 (11. Haut). 79
Τ11ο11. 1111 (811), 98
811111, Joh. (01), 95
8111111111, Joh. (811), 98
8111111111111. (Ox), 95
811110, 11111. (810), 17, 90
8111118811 (81111), 41
81111111, And. (811111), 89
8111 (0111111.) 49, 44
111111. 11 (11. 11111), 81
Rob. (81111), 40
11111. 11 (011111), 49, 48, 41
811111111111. (Eb.), 199
1111. (Ox), 99
11111.(811.) 114
Thom. (811), 111
wil. fil. 11111111.
Thom. (811), 194
81ο11, 111111. (810), 17, 18, 19
8111111111. (8111), 109
8ο11111111111, 11111. ((11), 51
⁸ 85111111111111. (GL), 48
8111, 1110. (811), 199
8111), 111111. (01), 95
8111011111111. (810), 18
81111111, Joh. (81111), 40
Joh. 11 (N. 11111), 09
811111, 1111. (GL). 47
spaldinge, 10. 01 (Ox), 87, 88, 89, 90
811111, Elias (GL), 50
81111110. (N. 81111), 81
8111011111, Joh. (810), 98
Sperleng, Joh. (81111), 198
8111111111, Joh. (Ox), 94
8))111, Ad. (811), 45

Sprot, Sim. (810), 19
8111111, 8111111111 11 (01111), 49, 48, 44
Squyere, Joh. (11111), 110
8110, Regin. (810), 5
8111111101, Τ11111.01 (811), 190
81101111, (1101111 (810), 99, 98, 84, 85
8111111111. (811), 45
8111111111, 111 8111111111
81111111, 8310111 01 (810), 10

Hugo 01 (810), 10

Ρ11111, ballivus 01 (810), 10
8111111111, J. 01 (811), 199
81111, nugo 01 (8111), 100

810. 111. 111110.

Joh. (GL), 48

1111. 01 (8111), 99

811111 ux. ejus, 10.
81111, Joh. del (81), 199
8111111111, Joh. (GL), 51
811111, Η11. (811), 45
8111111811). (81)), 115
811111111111. (GL), 51
8111111118111. 01 (11. 81111), 95
Straumongere, 1111111 (hond), 199
811111, 1111. (811), 47
8111111, Joh. (811), 45
8111101111, 1111. (Bb), 118
8111111111. (GL), 51
Styvyntone, (1111. 01 (11. 81111), 80
81111111, 11111. 01 (810), 9

will. bercarius 1111101 (810), 9
81111111, 1111. 01 (810), 6
8111111111. (wilt), 100

Rob., ἐὺ.
Sutor, David (810), 90

Joh. (810), 14

1111111, ux. 111110.
8111111111. (N. 11111), 80
81111111, Joh. 01 (811), 104

1111).οο (N. 111111), 64
8111111111. (8111), 101
811131, Ad. (811), 199
811111111111,1ο11. (GL), 48
81111111. 11 (N. 8111), 80
811111111111111. 01 (811), 119
81111, Hugo (011111), 49
8111111110, 11111. 01 (N. 81111.) 5

Τ11111111,1ο11. (GL), 51
11101111 (0111111), 49, 48
Τ111111,110. (1110), 58
Τ1111ο1’,1ο11.01 (81)), 190
Tankerlay, Joh. 01 (811), 190
Τ1)1111,80. (GL), 48

 

