CORONERS' ROLLS.

CAMBRIDGESHIRE, 41-45.

Βο11101, 42, 43, 44 1101111011, 130 110010100111110, 41, 42
(1011101, 41 81111 cumps, 42, 44 1110111011, 42, 44
0100100100, 42, 44 11001 1110111113, 41 1111131011, 41
Ηο10010011, 19

ESSE& 45-47, 127-1112.

11111130, 128 001310, 128, 129 8011010111, 129
80111113, 129 flava-ing, 129 801111110101,129
Β1001111010, 129 11011101,Εο01, 130 8101103129
Β100111101103, 127 1101101101, 46 8100110128
Β101111011, 46, 129 11011101, 16 11011101, 123

Β101101, 46 11011101, 111110, 47 1111101001, 129
0101101011,127,129 11010113128 1100111011 1101111101, 47
0033011011, 45 0011011101, 130131 1100010111101101, 47
0010100101, 128 1111011011, 46 11111110, 120

GLOUGESTERSHIRE, 47-51.

1110110348 Highnam¹ 50 8101101, 50
81010101, 49 110131, 49 8101010100, 50
0011, 50 1101131010, 49 1011001111, 48
001101, 50 1101011010, 50 1101113101, 48
1100111101, 48 111110, 48 walton, 48
Dursley, 49 0101, 50 1110011111, 49
8001113101, 50 Rodley, 49 1111101011, 49
11101101, 49 8111111130, 50 111011, 49, 50
(11001, 47 8011111011, 48 1111010011, 47

HERTFORDSHIRE.

8011111110, 130 8101010011, 130 1111111011 01000123
81011101, 130 8101110111,129 11010, 130, 131

ΗΑΜΡ8ΗΙΒΕ.
1110101, 129 winchester, 128 11001ωο1, 129

ΚΕΝΤ.
1101111111, 131 0110011111, 110

LONDON AND Μ1111111Ε811Χ,52-50, 127-132.

1110103010, 132 1111101111, 53, 54 110ωο101011, 55
,4113010 811001, 55 11001 811001, 132 8101011101, 52, 53, 54, 55
Β11111303010, 128 01000011101, 132 8111111011, 11001, 52, 50

Β1010003010, 129 Ηο011101,52, 53, 56 8103107, 53, 55
Β1101ἱ11 11010, 129 Ηο11ο11, 132 810110 1100113101, 54
00111111, 128 Holywell 811001, 52, 55 1011011011, 53
1111101101, 53, 54 ' 10113101, 52, 53, 54, 56 ’.1011011011 811001, 53
0111011153, 54 11111110, 53, 54 ’ Wood 811001, 132

NORFOLK, 56-58.

1111111011, 51 Tilney, 56 1101001101, 55, 57, 58
1101011011, 55, 57, 58 11011010, 55, 57 1101101, 56, 57
1011113101, 53

 

