10001 0111111001. 137

10111000 01 110 110001, 20
01 001-0011101014, 81, 87, 89, 91, 110,
121, 180, 181
01 1111101 1100011, 112, 181
01 110 00000, 108
01 westminster, 21, 27, 06, 112, 110-8
1110010010οο 11010

11000011 01 11000000, 108

11100180οα1, 112, 181

111001 11011000, 9, 17, 18, 21, 87, 41, 47,
62, 70, 92, 101, 102

· 111001 1001011010, 0010001 01, 86

111001 00000, 2, 18-22, 26-7, 29, 82-0,
87, 88, 62, 04, 78, 79, 88, 91

11100110 0110000 0001001 1110 0010001, 21

1110111100, 01001 01 1100111111] by, 4, 18, 82

10001 01 101001, 80, 60, 102-4

many, 2, 6, 27, 86-8, 00-9, 76, 77, 79,
81, 86,101,108,107-8, 112-5, 118,
127-82

1100010 10001101, 1

11110110, 0 1100011000 01111101, 14, 88, 67,
79, 80, 80, 107-9, 118-0, 120-22, 124,

11010001, lov-8
1100010100 01 0111010, 88
110001, 9, 10, 21, 61, 66, 66, 61, 81108,
114-10, 120, 122, 129
00011 01, 68, 69
11011101, 1, 08, 99
1100110111, 2, 21-8, 86
11000101 1001000100, 86
1101010011, 128, 180
1111001001010 000111 by, 26-9, 888
000100 by 0 0011, 7, 96, 90, 98, 106,
120, 122
01000100, 000 1110011100
00110010, 8, 6, 109
01001010 10 0010, 12, 80, 81
0 1011, 48, 117
01011100 11100011, 99
0 1011100 110000, 77
0 1011100 1000011, 60
01011100 wall, 82
1011100 1010 0 011011, 1, 6, 8, 18, 60, 82,
109
1011100 1010 0 000 01 milk, 60
1011100 1010 00011, 7, 11, 41, 49, 60, 126
010, 0, 62, 91, 101
00010100, 6, 16, 89, 91
1100011010, 86, 87, 120122
1101001, 000 Ηο1010100

1010110011 100 0100001, 4, 9, 12-16, 24,
26, 28, 80, 81, 87-42, 46-7, 102,104,
001110 1011111010 00011, 46, 40 “
001100 hue, 12, 16, 24
00110 00 1110001000101010, 107-8
11000010 0001, 66

00110010, 20, 27, 29, 86, 62, 88, 78, 77,
78, 81, 118
0101100100, 77, 78

1101010111, 000111 00010, 09
1011111 01001010, 09
Ρο11111 010111, 64
10111101, 110 1001, 88-90, 112-8, 119-20
90100ηο00, 08
10000, 1100011 01, 000 1100100000
010000010 000010 00011, 88-8
001010 01, 104
10000 01 00118, 21, 64
Ρο11110000, death 000 10, 119, 126
Pleas 01 1110 010011, 81-8, 112, lle-7
Ρ100001 01110001,οω 1110001
010010110010, 000 1010110010
01 0011001 0011101100 110 100, 17
01 0011001 0100100, 8, 20, 28, 27, 28,
84, 68, 06, 78, 78
01 persons present 01 0 00011, 9, 10,
14-18, 26, 102, 104
0100110011 101000100, 10
1010000010οω 101010 10111000, 20, 106
10101010001100, 2,19, 22, 26, 82, 86, 68,
71, 108, 118, 128, 126
101 0101101100 strangam, 74
10 1000 1110 00000, 88-88, 104
10001110100100, 109, 117, 122, 128
110000101001110101111 01 818010, 124
Ρ10000000, 000111 00010, 24
1100100110ωο 0010011, 18, 19, 21, 22, 04,
71, 100102, 124
1101001100010 10 10001 000111, 24-8, 81-
40, 60, 67, 00, 01, 70, 77, 82-6,
99, 100, 102, 104-6, 112-8, 110-22,
126
11100100] 000 0000011010, 121
Ρ11100, 27, 67, 62, 78, 78, 89, 120, 121,
128. 80011001
0001111 10, 77, 79-81, 112, 118, 126
000000 11010, 9, 80, 87, 06, 07, 108

0001110οε 001 10 1010000101]
000111, 68

 

