144 00000001 00111.

chaman, 17111. (0001),), 41
0110101101101), (Ena), 118
01111111, 11111011 (N. Ηο01.), 64
chaeur, 01011 (010), 11
0110000, Rob. (Mid.), 55
0001111, 111011 (1111), 46
0001011000, 111011. 00(0111.), 101
011110, Thom. (1111), 46
0111100100. (111111), 106
Ohobbe, Bob. (Βο01.), 40
clay, Rio. (1010), 54
01010, Joh. 11 (1111145
01111001, Henr. (010), 11

Hugo (011), 115

Thom. fil. ejus, 10.

Joh. (010), 4

Joh. (1111), 110

1110. (000), 11

Thom. (N. 11101), 61
010111, Rob. 11 (0101),), 41, 43
0111111, Engo (1110), 54

Joh. 10 (EN), 130

Joh. 11 (1110), 55

Thom. (Μ10.), 55

Will. (Eb.)‚ 117

17111. 10 (N. 11101), 75

1110. 111. 110110.
01111010, Joh. 01 (EN), 114

17111. 01, ib.
0101100, 1110. 01 (01100), 41, 43, 44
0001101100, see 0011110
00001, Will. (N. 11101), 79
0001, 11111. (GL), 51
000011001, 111011. 01, 131, 131
colentia, 0111. (010), 16
001010101, Agnes (000), 4

Ηο0. (000), 4, 11

11010 (000), 4
00111011. (N. 11101), 77
001011, 0111. 10 (010), 11
0010111100. (111)), 114
0010111000, Steph. (01100), 41
00111010, walt. 01 (Ena, Η111.), 130, 131
0011011011. (GL), 50
001101,17111. (000), 17
0011010, Agnes (010), 6

Η10. (000), B
Goldessoheby‚ 111 1111011161
0010, Gilb. (011), 45
00101000, 1100. (011), 46
0011000111, Will. (01), 48
00111000, 1110. 00 (010), 19
0011, 1101). (01100), 41
0011110111, Thom. 01 (EN), 116

00110, Hugo (011011), 41, 46, 44
00011111, Ηο0. (000), 34
0000111,1011.11 (11000), 131
00011101101,Ηο0 (111)), 111
corbin, Sim. (010), 14
0010101001, Thom. (00011), 40
00110, Joh. (011), 119
0010101110, 110010 01 (1110), 01
00101111111011. 01 (01100), 41
00100011, Joh. 01 (11. Haut), 76
0011011110, Η10. (010), 7
0011011101. (GL), 40
0011111, 1101). (010), 15

17111, ib.
001010, Joh. (011), 98

Rob.. 10.
00011110, 11111, (01151
000101, Joh. (01), 50
000010110οφ, Η10. 00 (11. 0101), 83
000101, 1110001101οε (000116

1001110 ux. ejus (010110.
00110111, Will. (17111), 109
00110,1111(111111 (GL), 49
01101110, Joh. 01 (010), 131
0111001010, Will. (N. 0001), 69
0111100111, 01111101, soe Crevequer
0111011001, 1101). 01 (010), 7, 91, 33, 06, 68
caps, Joh. (Ox.)‚ 94
01000, Joh. (811), 97
01011101, 1110. (011), 97
001601, Will. (01014
00011101, 'Hem (000), 30; 001 0110 0010-

10101

001111, will. (0101),), 45
0001101110110101). (wilt), 107
0111100, 1110. 11 (01), 86

01000110. (010), 11
000000010111,1011. (001), 103
11011100. serviens ejus, 10.

See 0100 1100000νὶ111
0101110, 11111011), 48
010101, (1011. (EN), 111
01010110, 1101). (GL), 51
0111110, 1111101000 (EN), 111
01000011, Η. (11. Haut). 61, 66
00001101001011. (01), 50
01011001. (00), 120, 111, 111
01100111, Sim. (N. Η101.), 06
00111011. (11.Η101.), 64
0100010. (11111), 107

Thom. (11010), 110
01100001, Ηο0. (1110), 30
0111101000. (0011), 30

 

