138 11161111 6111111161.

“ Repe, 114

11666161 61 stolen 36661, 126

Record 61 1666611 demanded by 166 king,

Reeve 61 1611161, 9

Reeve 166 four men, 62-6, 61-4

Responsibility 61 6611, 74

111111 61166 chnrch,5, 7, 9, 10, 16, 24,
36, 44, 43, 67, 66, 60, 63, 66, 70,
73, 76, 62, 63, 37-96, 99-101, 106-
16

Robbery, see Burglsry, Lerseny

Bolls 61 coroner, 6616611 16, 100

616616116, 2, 0, 29, 36-6, 66-9, 76, 66,
103, 119
6166611, 60
66116163, 66116 666 1ο, 6, 16, 39, 01
66666111161116616, 111
11 011616, 66
66611, 1111166 6311611, 76
66611, 33, 37, 129
Seli-defense, 1116366111 homicide, 18, 63,
64, 96,101, 102, 119
6661161163111163611, 74
6661111, 66116161, 7, 21, 27, 29, 32, 33,
36, 63, 64, 69, 62, 63, 66, 70, 72, 73,
76-61, 66, 66, 102, 104, 112, 116-8,
123, 126-6, 130
661116116616, 60, 31, 114, 116
66161616 61 166 king, 76
6111611 61 1166661611, 113
6111611161 1161666611, 112
6166111, 69, 66, 67
616166 36661, 1666161 61, 123
611163611, 1661161163 61, 74
6666111111, 119
6611, 6166661166 61, 33
61 country, 129
6116661616, 37
66166111] justice, 9, 29, 67, 76
6616166661, 129
661666166 6611661, 111611 61, 4, 16, 26,
27, 36, 37

Tovem, 74

711661, 14

1116163, 96, 96, 106, 106

7116163666, 66, 69, 67, 96, 106, 106

76666616, 119

Toum, 60, 31, 114, 116

Township, 166166666161, 42, 326
6661166611] 61, 66

66111161 1116 1166, 22, 29, 37, 76

76661616, receives 66111611 6116166, 2, 7,
16, 30, 37, 41, 61, 67, 66-70, 76, 96,
103, 104, 116, 117

receives 6666166, 10, 16, 17, 43-60,
66-60, 63, 66, 73, 74, 77, 66, 94-96,
101, 102, 106106, 110,117, 120,
121

receives 661661 16166, 29, 37, 76

receives 11611611-11616, 27

161166166161111661 61, 29, 37, 60, 66,
67, 62, 103, 109

’ 7611616161, 166 1661, see Introduction,

Note B
'I'reesnre-treve, 27
71616111, 76, 116
Trione 61 1 jury, 121

venne, 124

71111 61 body, 41, 42, 4666, 79-61, 37-
102, 104-13, 117-27

7111, see Townehip

77611163 11166116, 77, 76
17116 61 161111, 92, 94, 106-3
Wsrden 61 611111, 126
613161, 121
7161666 6111666611, 130
1761611166,92,94
71616661 6166 16 making wounds:
611611, 6, 24, 66, 62, 63, 86, 63, 90, 97
exe, 4, 6, 16-3, 23, 32, 66, 70, 37,
61111111, 73
6111616124
6166111, 44
6111, 102, 110
brooch, 67, 71, 102
663361, 37, 96, 100, 106, 110, 113,
127
Dsnieh exe, 24
16166166, 63
nint-etone, 19
31161111, 94
1166 16111, 79, 104
66111116 11111, 76
116116, 4, 10,15, 16, 23, 24, 39, 43, 49,
62-7, 34, 33, 90, 92, 99, 116, 119, 120
11666, 44, 76 ’
163 61 111664
maced
pickexe, 4, 32
pole-exe, 43, 60, 64
6616-6116661, 93
1616611, 47

 

