INDEX OF PERSONS.

11011101101011. (801), 84
110153, will. 10 (115), 111
1101111130, Mioh. (N. 80111), 74
111010 ux. ejus, ib.
Derwyne. Thom. (80011), 80
1100ρο0001, 11011. 10 (801), 85
8030110111 (N. 80111), 85
11030101001100111, Will. (801), 88
1101101ον00 (81010), 110
1110110110, 1011. 10 (N. Ηο01), 75
111003, 801. (N. 80111), 61
8100001011111011. 10, 188
110550, Heu. (11111), 108
11010030, 1011. (GL), 50
11013110, 1011. (N. 110111), 88, 88
1100110, 111010. (801), 88
1100001011. (wilt), 107
1110381010, 803. (10 (115), 111
Ad. 111. ejus, 15.
1011. fil. ejus, ib.
Draper, 810. (800), 45
1110300108011. ((11), 50
111ογ1000, 110111. 10 (N. 80111), 77, 78
111000, 10100 (11010), 110
Drewry, 1011. (11111), 107
Dtews, Joh. (N. Ηο111.), 88
1113311011, steph. 10 (01), 88
Dryvere, Joh. (800), 45
Agnes 010100, 15.
Du Boyr, 1011. 11013110 (N. 8001), 88,
88
11011311, Nioh. (N. 80111), 77, 78
1101, Joh. (811011), 88
81111, 15.
8000801050, 810. 10 (N. 110111), 88
11011111. ejus, 15.
Duppyn, Nieh. (N. 80111), 78
1101501010, 111030, Prior 10 (GL), 48
110010, will. (N. 110111), 84
113010, And. 10 (1111), 58
1131101000, 810. (N. 110111), 88
8100110810. (800), 47

8501000010, Abba 8. Mario (85), 180
111011110, 801. (800), 188
11100101, roh. (01), 85
Elimeia, Episcopus (11011), 57
Prior (801), 108

8111101000, 1103. (1180111), 81
8111101010, 1011. (1100), 48

81011130, Jordan 10 (1111), 58

8110010, 810. 10 (801), 8
811303100081111. 10 (85), 188, 184, 185
11111011. 10, 188

Hyr, 1110111. (115), 180

8110100150, Ad. 10 (11011), 57
Rob. 111 ejus, 15.
81130300, will. (801), 15
8030111011. (801), 84, 85
11110130, 1011. 10 (801), 85
1111001, Thom. (1111), 58
1100011053, 810. 10 (N. 110111), 75
1010 111 ejus, 15.
11010110, will. 10 (801), 108
80111010, 801110 (801), 15
8001, 801. 10 (85), 185
8101011, 803. (N. 11001), 84
Erre, 810. (115), 111

10501, soh. (1100), 48
Faber, 1011. (001115), 41

Joh. (N. 80111), 81

810. (801), 15

810. (Eum), 48

Will. (801), 18

will. (N. 80111), 81
11053011, 1011. (800), 45
80010111, Heu. (0011111), 48

will.. 15.
10010010000110,1011. (00105), 48
80101, 810. (801), 84
10110, 805. 10 10 (801), 88
Polione, Ranuiph. (8101), 101
Ponione, will. 10 (115), 185
1010010038, Rob. (8001), 88
1010111801. (Sui), 101
Femur, will. (85), 118
Fors, will. (N. 11001), 81

111010 ux. 0100, 15.

1111111. ejus, 15.
1001111810. (1180111), 188
11330, 8011. (801), 18

Mauricius (801), 80

11011. (801), 18

will. 111. will. (801), 80
riuus

81081011. (1180111), 75

cristiani, 1103. (801), 18

Eustachii, 0011. (801), 8

eilberti, Will. (85), 118

1103010101. (801), 4

somnis, 11011. (N. 110111), 74

1101301010, Gilb. (Βο1), 4

8031110111, 810. (001115), 48, 48, 44

11100111, sim. (N . 110111), 84

8100111818. (N. 110111), 88

Thome. Nioh. (118001), 88

walteri, 8101100 (801), 8

 

