CORONEBS' ROLLS.

SHROPSHIRE, 90-99.

181811, 97 11811111, 90 11811181, 98
Β810811811, 98 1181181181811, 97 Peplow. 98
Β811811, 98 1180181, 97 Ρ11818 1188, 97
8811111188, 98 Η801181, 99 8181111810, 97
Βοι111811,99 1188, 90 818118, 98
08111188, 98 11811197 1781011188, 98
01811, 97 1110018, 98 whjttingslow, 97
0811811, 98 1181111811, 97, 98 1188018888, 97

8111188118111111, 88-181.

180181, 99 118811, 100 11811111, 101
8818118188 1181801118, 191 01118181, 100
Β81181, 99 Μ808181, 100 Ρ81811818, 101
0180018181, 100, 101 - 11818181, 101 9811111038101
1111181811, 101 11881, 101 walton, 101
Endon, 100 11811818, 101 11881811, 101
(11111081,100 1181888118-11081-1111118, 99

SUPFOLK, 109-101.

98131811, 101 1081818831, 109 81811810, 109
Β1811118111, 101 Η811881811, 109 8181881181, 109, 109
Β11111811, 109 18811181, 109 stratford, 101

08881, 101 1181118818111, 109 11811181, 109

0811118, 109 11811811, 109 1111810108

Eye, 109 88111810, 101 11111810, 100

8111111111.

Barnea, 199 (1111101810, 199 818118, 198
08011818, 191

WARWIGKSHIRE‚ 104-105.

0811181811-1801ἑ8181811005 1111111188101105 818118, 105
9818818,

WILTSHIRE, 105-109.

11118111, 105 Ε1810181181ο11, 108 81. 11811118 11810, 107,
Β1801810, 105 Η81111181Β18811, 105 108

01810810, 105 8811811111, 106-108 81881818111,108
1)811111118801’181,109 11811181 11810, 107, 108 1118118111, 100

11811188, 109 11880, 107, 108 Wodhampton, 106
1118818811, 100 Now 811881, 107,108 11181811, 105, 106

WOROESTERSHIRE, 109-110.

8801810188, 110 98111811, 109 1181881181, 110
Β811311811,110 8818111 818118, 110 (188118110
0181181808, 109 wiok, 110 81. 1811ηέ street, 110
1181118110, 109 1188080810, 109

 

