Aoomb, 122
15515155, 111
15111555, 122
Β515155, 125
11551551, 114
Β5551531551515, 116
85555151, 111
8555155105, 115
(151151, 124
0155155, 115
(1111155, 122
05515155, 115
0555155155, 111
1115155153, 125
1115531155, 111
mon, 111
15155555, 111
11155, 127

11511051, 122
(15551551, 115
Goldsborough, 124
(15151511, 125
Guisborough, 117
Η5511111, 111, 125
1155055501, 125
Hoolnnondwike, 123
Heyworth, 122
Η511555555, 114-115
11511515, 114
11555555, 120, 121

INDEX OF PLAOES.

YORKSHIRE‚ 111-127.

Hunmmhy, 125
Hunsingore, 1211124
Η551158105, 122
Η51155,117, 125
Kelfleld, 124
Keyingham, 114
11555155, 122

15515, 123

’ 55555111

mddlesbrough, 117
11555151, 125
11551515, 117
05351155555, 111
Pinohingthorpe, 117
1001155155, 115
1551515551, 117
1155551115555, 111
1111151555, 124
11131105, 125
115055, 114

1155115, 111
1151105115, 122
855515555515, 125-127
8551111555, 125
8555105, 125
8151551115, 111
81051155, 122
85155, 115
15515115, 117
1551151111, 123

15155155, 117

15551511, 115

17515151, 114

1751155555, 124

11015511, 110

1551, 112-113, 117-120,

123-125
3151055111, 113
055115, 125
015555115555, 113, 120
(155158 815551, 113
0555513515, 113
(1551, 112, 125
1851518515, 113
81. 01555551, 1111120
81. Gregory, 120
81Η5155, 113
81. John 51 0555 mage,
81. 1555551, 122
81. 11155115, 113
81. Mary 155155, 113
81. 1155] Senior, 113, 120
81111515551510555 Bridge,
113

811115155511513511555, 119
81 15155 1115111115, 113
8117111511, 110
1511155115,119
’15151151 churoh, 120

 

