INDEX OF PLAGES.

’ NORTHAMPTONSHIRE, 66-67.

166163166, 67, 76
1161116116, 66
1116616, 61
61616166, 61

66666, 6616, 74, 76
6116666616, 71
16666 61. 666361, 66
666166, 66, 60, 66, 66
16111611, 77

66166, 76, 66
666666616, 66
6616166, 70

66666, 66

6616661, 70
66161611, 61, 66, 67
66666616, 66, 66
666661, 67

61661166, 77
61666166, 61
Β166661ο6, 66
6111161111, 66
616616611, 70
666166, 66, 74, 60
661166, 76
1166661666, 77
6166166, 66, 60, 66, 67
(116166, 66

06366666, 64
6611631166, 76, 76
666116666611, 76
61161, 66

0161111616, 61, 64
6661616, 66
6161163166, 66, 60, 61
6161666, 66

11616611, 77

166611, 64

66116166, 61, 66
6611166, 66

6611616, 61
6661163166, 64, 66, 66
(1666663166, 66
0116116616, 66, 64
06166163 Nonou, 66

61161611 1166666166311, 64

66161611, 66
61611166, 66
1161611636, 66
66611163166, 66
Fifield, 64

66116163666, 70

66116166, 66

11166666, 76

(166166, 64

6166666, 71

66166616636, 66, 74, 61

6116116166, 64

1166666, 6661, 61

1166666, 71661, 74

66166, 77

6611661666, 61

6611611666, 66

66161666, 77

6616163166, 66, 67

11136661, 6616, 64

66636166, (11661, 66

66636166, 1111116, 86

1161166, 76

11166636616636, 67, 76

labam, 66

16116, 66

1111666, 66

11666166, 60

1111666166, 66

6666163166, 67

11616166, 76, 77

1116616166, 76, 76

11616611, 74

1166666, 74, 76

6611661116 111616, 66

1161166661666666-6171-
76, 76, 60, 61, 66-67

0111636616, 66

066616, 66, 60, 61, 66, 64,
66, 66

666166, 61

OXFORDSHIBE, 67-66.

1161616611, 64
1161611161, 66
16166, 60
1161, 66, 66
1111166 116616, 64
0161 1161166, 66
011616, 67-60
All 661616, 66, 66, 60
6661 (1616, 67
6661, 66
11136 611661, 60
61. 616616, 66
fit. 11616, 66, 60
St. 1161116, 66, 66

6611166611, 64
661616616636, 67, 70
6166163166, 64

61163616, 70

pilton, 66, 66

661661661, 66, 60, 61, 60, 67
66166166, 66

66661666, 77
661666166166, 76
1161616676, 60

61661161, 60

61616, 66

61616 616616, 76

61616 66616, 66, 66
7661666, 74, 76

’1116166 16116166, 66, 60, 66,
766166 11666611116, 76
7616616166, 66, 60,66, 67, 166
Ι16616163, 66

7161616, 64

7116666161, 66, 60, 66, 67,
7611666161, 64

776666666, 66

7761166, 70

7761116116, 76, 77
77616163166, 66, 61, 66, 66
77611616, 66, 66, 60, 61
77611616, 74, 76
77601636616636, 60
7716111611, 66

7711616616, 66

17661166, 76

7166611166, 76, 66
1611611611, 66

011616
61. 11166661, 66
61. 11116166, 66, 60
st. 76161 16 661116, 66, 66
81.Ρε1611611166661,86,60
6666611, 66
6611616, 66
81116166, 64
66616 661311, 66
6166166 6616661164, 66, 66
661166, 66
7111666, 66
1616166, 64

 

