15551 OF 5555555. 149

Neve, 151. 15 (551), 105
11555555151158. (551), 15
1155515511, will. (Β51.), 5
1151111511, 95155 (05), 90
will. ib.
J. (Ox.), 85
1551515555151. (EN), 195
1115151. 5155, ib.
11515155, 91111 (11551), 59
1151119155. (Β5511.), 40
11511151511555, 11511115 (05), 89
11511155, 555 11511159
1151111551, 11151. ((11), 49
11511159, Hugo 15 (1155), 190, 151
1151111151515,151155 (111), 118
151. 51. Ad. 111. 515515.

0515115, 1151. (115511, 40

015151. (11511), 55, 51

011155. (19111), 109

0155151151, 151. (11. Η551.), 51
0115551515151. de (05155), 49, 49, 44
0151, 151. (111), 190

· wmfflm

11151. (Β51.), 9

Bob. (115118

will. (Lond.), 199
95111555,151.(11. Η551.), 66
9515511115, 91511. (1155), 198

151. garcio 5155, ib.
9511151, Thom. (851), 91
95115515515 (555), 191

01151115 (1155), 191
9515515115, 91511. 15 (11. Hm), 19, 50
95515, Ad. (1155), 41
955511, Thom. (1155), 45, 45
9551511, 951. (05155), 49, 45
9511551155. (1155), 46, 47
95155115, Gali. (N. 115111), 61
95151, will. (1115), 196
9511155511, Sym. (951), 95
1555551 (N. Η551.), 10
955151, Regin. (05515), 41
95111155, will. (95115), 40
15151511 (Kana), 191; 555 also Parvus
Peyntur. 151.(91111), 109
91511151, 151. (N. Η551.), 85
Philip, Thom. (N. 11555), 50
9151515, Agnes (Β51.), 15

11511115, 15.

1151, 15.

1115.. 15.
91551, will. (Β51.), 11

911115, will. (05511), 45
9133515151. (11. 11551), 85
9111515, see 9151515
91111511, 1155. (Β51.), 99
91115, 1115. (GL), 49; 5555591115
Pistor, Joh. (N. 11551), 10
9111115511, 19, 99, 99
91555, 1155115155 (Β51.), 4
95151151, 1151. 15 (551), 14
9515155919. (115), 195
95151, Β5111515 (Beth), 95
955151, 951. (1155), 41
1115. (N. Η551.), 59
Ponione, Gilb. (15 (Β51.), 99
Pope, Joh. (55515), 40
9511511555, 15555115 15 (1111),), 199
will. 15 (111), 191
951151, 1155. (05), 94
91511. (91115), 109
95111515, 151. (N. 11551), 54
1151. (11. 11551), 58, 59
1151, 15.
95555511, 151. 15 (05511), 45
9551515115, Heu. 15 (115), 111
151. fil. 5155, ib.
9555151551, 151. 15 (111), 190
95155551, 151. (Β51.), 9
9151, 1115. (551), 109
9155151, 1111115 55151 will. 11. 11151.
(11511), 1
91111. 11. 11151. (951), 1
151. (851), 95
9155115, 1155. (11. 11551), 11
9151515.
9155115151. (1155), 45
151. (N. 11555), 85
prepositus, Joh. (N. 9551), 51
R. 151. 515515.
151. 511153. (Β51.), 15
1115. (Β51.), 19
91551, Hugo 15 (Β51.), 99
911551, 99511. ((11.), 51
91515515, Sim. (N. 11551), 50
151. 111. 515515.
99511 111. 515515.
915515 111115 (Hem). 198
95111511551551. (Β51.), 95
9111531555, Heu. (N. 11551), 59
mmmm
9135559119. (11551), 191
911511, 1115. (05), 90
911515, Will. (N. 11551), 59
9115515, will. (GL), 51
91115151. ((11.), 49

 

