INDEX OF MATTERS.

—000—

Abotdng, 666 966666616
6616161166, 9, 9991, 96-8, 68,66-9, 76,
80, 86, 89, 109-9, 116
966666616, 8, 19, 99, 96, 64, 66, 70, 74, 76,
89, 87, 99, 99, 94, 97, 98, 109, 116,
191, 191, 196-99
Agna, 666111 66616, 8
9166116611, 106-8
6661666661 61 66111116, 99
61 1166661666, 49, 49
61 161616, 97
61 1666611166, 49, 66, 896
61611666161, 49, 49
966661, 68, 68, 77, 116
61 66661111, 97
61 11611616, 11
61 11166611 6166666, 96, 97
61 homicide, 18-91, 98, 91-6, 69-6, 71-
76, 86, 199, 196
61 6166116111, 9, 91-9
6116116616, 11, 99, 97, 107, 118
116 66 66616661, 197-99
116 a woman, 11, 18-99, 96, 81-6, 69-6,
71-9, 86, 199, 196
66666 61, 61666666666, 11, 96, 91, 99, 96
removed 16 king's 666116, 91, 66, 79, 86
66616661, 96, 41, 46, 77, 91, 197-99
11611616, 68
1111661161 611616, 616.,9-4, 19-18, 96, 97,
96-8, 41,44, 66, 67, 69, 69, 69, 66, 76,
76-81, 88, 94, 100, 104, 107-19, 119-
90, 196, 1989
616611, 9, 80
6666611, 1, 9, 6, 8, 10, 16, 91, 96, 99, 69,
71, 616.
1116666661, 8,17, 18, 91, 99, 96, 9869, 60,
69, 06, 79, 74, 78, 86, 89, 00, 99, 110

Β611, see Pledges
11611111 61 1161666611, 86, 87, 107-8, 1199
611166616618, 94, 87, 98, 49-6, 66,
66, 89, 111-6, 199
61 mmor, 10, 64, 70, 104, 114-6, 199

Β611616, 11, 69

Beer, 8, 8

Beggam, 74, 77

Β66611, 1116, 90

1166611161 616166, 91

Β666 disinterred, 70

Β666, 116661 61, m Finder

Β61666116,16666616,616.16, 14, 97, 79-81,
86-99,99,106-0,119-9,119-90,196-7

8166611 61 pende, 6161111166 96666

Β166116666, 14, 199

Β166166, 91

Β116666, 1, 9, 00, 61, 64, 99

86161616, 4, 6, 8, 10, 14, 16, 99, 91, 94,
79, 80, 114, 199

Β61161 without 1166 61 6616661, 70

0611, 666111 666666 116 falling 116111, 616,
7, 96, 96, 98, 106, 190, 199
066116, 68, 76, 99, 109,110, 196-6
611666161,196
666111616 6661 61, 79-81, 195
0111111616 61 161666, 9-4, 7, 1919, 16, 99,
96-8, 66-9, 76, 100, 111, 616.
01161611, 16166616, 86. 666 6666111616
11166 61, 666 111166
016166, benedt 61, 91
0161116 61 011616, 89-91
0616, 666111 666666 116 61666616 16, 19,
80, 81
0666166616 61 1116 0616616116 61 011616,
80

 

