INDEX OF PLAOES.

*vot-—

BEDFORDSHIRE, 1-08.

1110001, 24 111111, 32 1110011, 26
30110111, 1, 3, 4, 5, 6, 7, 8, 10, (1010103100, 8, 5, 7, 8, 10, 1101100, l, 4, 8, 8,12, 14,
11, 12, 14, 16, 21, 24, 30 11, 12, 13, 15, 24 30
3011101023, 11,18,21,23, Ηο11-77001οο,9 801οω,3
27, 28, 31, 83-38 Ηο100011, 85 8011111009
80001011, 25, 33 Ηο11ογ, 81 8100101100, 2, 14, 18
8111110011οη1, 84, 35 Henlow, 24 Staughton, 5, 29, 30
Biggleswade, 28, 38 Honeydon, 8 milton, 10
811101ιο111, 21, 25, 26 1100311100, 87 81011100, 36
Βο10110101, 3, 5, 15 Keysoe, 11, 29 8101100100, 13
00101100, 21, 23 1100111οε, 26 8111111111, l, 2, 6, 7, 9, 1
001111ος1011, 25 110ος1016, 24 18
0110111010, 87 10111017 7110110131, 17
(11101101, 82 110100, 38 7111110011, 36
0110110100, 5, 9, 10, 11, 14, 1100011000, 28, 37, 38 7111001111, 37
15, 16, 23, 30 14010100, 27 ’.701100111οο 37
0111100, 24 Melehboume, 26 Turvey, 34
0010001111, 2, 4, 5, 6, 7, 9, Μο0001011011,24 ‘waloeorlig‚’ 12
11, 18, 15, 18, 23, 29 Milton, 17 77011100, 128 .
00101100, 5, 9, 19, 14,16,23, Moggerhanger, 25 77111100, 1, 4, 5, 6, 7, 8, 10,
80 1101111111, 25 11, 12, 1815, 16, 30
00010, 25, 26 0011103, 17 7111110029
0100110111, 131 2011001100, 29, 36 771111οε100, 25
Deum, 26, 86 1100000100, 8, 5,11,13,15, 7711001100, 25
1101111100, 4 18, 24 71111001οο, 2, 6, 7, 9, 10, 11,
0110010110, 37 Βο610100010110, 27, 88 12, 13, 14, 15, 16, 17, 18,
80100, 2, 5, 6, 7, 8, 9, 10, 1100110111, 1, 3, 4, 6, 7, 8, 23
11, 13,14,15, 18, 23 10, 11,12, 18, 15, 16, 24

BERKSHIRE.
7011013011, 1³1 11001108,131

BUGKINGHAMSHIRE, 89-41.

1161001001οῐ0, 39 11111100, 40 211000’οΒ101101011111,40
Bewonsfleld, 39 Ηο1000100, 40 810110 1100601100, 40
8101100010οο, 40 Kimble, 40 81000, 89

Brill, 40 Monks’ Rinborough, 40 Woburn, 89

0110110111 81. 01100, 89 1001030

 

