136 166111 61 1111116116.

0661666166, m 111166
0661166611] 61 1611661116, 65
confession 61 161666, 7, 66, 107-00. &a
6616161166
0666161116 61 666116, 79
611116 161161, 160
61 1611661116, 41, 67, 79,100-4
0616661, 666 Introduction -
eoronem’ 16366616, 1-10, 616. 066 16116-
6661166, 11.
06166616Ι 16116, 6616616 16, 100
0666661063 6 611616, 16
06661166611, 61666661636 16, 0-4, 7, 11,
16, 10-06, 61-6, 60-6, 60, 70-6,77·-9,
06, 09, 100134, 116-6, 1065
06611 61 monor, 56, 50
crosa 66 61111636, 64
111 6 611661, 100
6 16166 61 6116161166, 76
0161661666, 61-6, 110, 116, 117

Dabo, 110, 116, 117, 100

Β66661161166,9, 00, 67, 75-6

11666666, 0, 6, 6, 10, 15, 17, 60, 41, 44,
40-50, 53-60, 66, 60, 70-7, 00-5, 00-
100110, 116, 117-00, 105, 107

01611666, 17, 40, 40

1111611, 666111 6611666 by falling 1616, 1, 5,
6, 16, 60, 00, 109

1116116163, 1, 5, 7-16, 16, 41, 40-51, 59-51,
105109, 1010, 104, 106

1)]6661611, 666111 66616, 5, 60, 00

0631161113, 4, 16, 06, 00, 60
Epilepsy, 6, 5, 109
1166666 11616 prison, 0, 66, 67, 66, 67,
1166666161, 100
06116616, 50-5, 100
011666661616 1161616 1116 6616661, 14,16,
1116111661166 61 116661 61 body, 50
11113661, 0, 00, 06, 06, 07, 00-65, 41, 50,
65, 71- 6, 112
11]1616161661,07,00, 60, 66, 06, 70,
77-0, 1160
616666116666, 79
113161, 0, 0, 46-51, 66, 74, 00

Fuit, 161

11611163 61616666, 6, 5, 100

0616161661, 51

Felony, 14, 16-00, 64, 65, 71, 75, 70, 00,
67, 96, 97, 100, 107, 104, 109

11166616111661,6166366 61, 1-17, 06, 60,
61, 67, 66, 46-51, 56, 77, 60, 66, 96,
105, 616

616611661166 61, 50
66111166 6613616616 61 661111, 40
16166 66111, 56

11116, death 66616, 6, 50, 01, 107

night, 1, 1, 9, 11, ete.

ankpledgo, 70

0166661661, 40, 46

1116611616 1666, 100

(1661, 4, 14, 16, 61, 65, 55, 67, 69, 96, 94,
100, 110, 119, 101, 105. 866 061116,

0661666181ῖῖ11, 14, 61, 67, 69, 91, 110, 101,

11161666610661616, 14

(11661 01161161, 65

Η661161, 14, 06, 57

Η663163, 107, 100

Η6111661163616166, 19, 60, 60, 76, 110,
114, 106

11611616, 67, 76

1113111111, 666 111631 1113111161

1166116166, 0-5, 0-16, 04-96, 37, 60, eto.

1166ρὶ161 161 166616, 1

1166ρί111161 61. John 611616661661, 104

11666116161 01. 16666161, 1611, 100

Η661, responsibility 61, 74

11661616 61011616, 67, 00, 00

1166 666 613, 0-9, 106, 00-6, 09-60, 67-
40, 50-5, 59, 65, 70, 71, 76, 60, 66,
01, 04, 05, 99-100, 105, 109

11166166, m Bniliff

1166361, 666111 66616, 70-01

166606661166 61161666, 14
11661166616661, 666 Ρ116611

1661666661, 14, 67, 111-15

16666111, 47, 50

16661161 16611666, 666 11316

1666661 61 6616661, 666161166661166, iv.
16311661 repeated, 05

1111616 61661666, 97 ’

«161316 6616661116311661, 666 16116666·
3666111666661 1ο, 15, 50-5, 74-7,100,

,1613ῗὲ66666 by, 07, 91, 110, 101
6661161166 by, 76, 91
1616661 16 be 11166 by, 61

 

